{
 "cells": [
  {
   "cell_type": "code",
   "execution_count": 66,
   "metadata": {},
   "outputs": [],
   "source": [
    "import numpy as np \n",
    "from pse import * \n",
    "import numpy as np\n",
    "import itertools\n",
    "import math\n",
    "import networkx as nx\n",
    "import matplotlib.pyplot as plt"
   ]
  },
  {
   "cell_type": "code",
   "execution_count": 90,
   "metadata": {},
   "outputs": [],
   "source": [
    "import numpy as np\n",
    "\n",
    "#def pseudo_dist(u,v, tk):\n",
    "#    return np.sqrt(np.linalg.norm(u[:tk]-v[:tk])**2 - np.linalg.norm(u[tk:]-v[tk:])**2)\n",
    "\n",
    "def pseudo_dist(u,v,tk):\n",
    "    return np.abs(np.linalg.norm(u[:tk]-v[:tk])**2 - np.linalg.norm(u[tk:]-v[tk:])**2)\n",
    "\n",
    "def pseudo_dot(u,v,tk):\n",
    "    return np.dot(u[:tk],v[:tk]) - np.dot(u[tk:],v[tk:])\n",
    "\n",
    "def pse_cov(X,tk):\n",
    "    # assuming uniform p\n",
    "    #X is n\\times d\n",
    "    n, d= X.shape\n",
    "    J = np.eye(X.shape[1])\n",
    "    J[tk:] = -1*J[tk:]\n",
    "    #print(J)\n",
    "    mu = np.mean(X,axis=0)\n",
    "    X = X-mu \n",
    "    X = np.transpose(X) # d\\times n\n",
    "    return (1/n)*np.dot(np.dot(X,np.transpose(X)), J )\n",
    "    \n",
    "\n",
    "def pseudo_embedding(D, dim=0):\n",
    "    n = D.shape[0]\n",
    "    \n",
    "    bilin_form = np.zeros((n, n))\n",
    "    for i in range(0,n):\n",
    "        for j in range(0,n):\n",
    "             bilin_form[i,j] = 1/2 * (D[0,i]+ D[0,j]- D[i,j])\n",
    "    w, v = np.linalg.eigh(bilin_form)\n",
    "    w = np.real(w)\n",
    "    print('max eigen value of M ', max(np.abs(w)))\n",
    "    #print(bilin_form)\n",
    "    \n",
    "    idx_pos = np.argwhere((w > 0) & (w > 10e-12)).flatten()\n",
    "    idx_neg = np.argwhere((w < 0) & (w < -10e-12)).flatten()\n",
    "    idx_zero = np.argwhere((10e-12 >= w) & (-10e-12 <= w)).flatten()\n",
    "    idx = np.concatenate([idx_pos, idx_neg])\n",
    "    \n",
    "    w = w[idx]\n",
    "    # should be refactored\n",
    "    idx_pos = np.argwhere((w > 0) & (w > 10e-12)).flatten()\n",
    "    idx_neg = np.argwhere((w < 0) & (w < -10e-12)).flatten()\n",
    "    v = v[:,idx]\n",
    "    \n",
    "    w_abs = np.abs(w)\n",
    "    if dim != 0: # take some smaller number of dimensons than all\n",
    "        idx_sorted = w_abs.argsort()[::-1]\n",
    "        idx_top = idx_sorted[:dim]\n",
    "        idx_pos = np.intersect1d(idx_top, idx_pos)\n",
    "        idx_neg = np.intersect1d(idx_top, idx_neg)\n",
    "\n",
    "    pdim, ndim = len(idx_pos), len(idx_neg)\n",
    "    print(pdim,ndim)\n",
    "\n",
    "    X = v[:, :pdim+ndim] @ np.sqrt(np.abs(np.diag(w[:pdim+ndim])))\n",
    "    return X,pdim \n",
    "    #return np.concatenate((np.expand_dims(np.zeros(pdim+ndim), axis=0), X), axis=0), pdim"
   ]
  },
  {
   "cell_type": "code",
   "execution_count": 80,
   "metadata": {},
   "outputs": [
    {
     "name": "stdout",
     "output_type": "stream",
     "text": [
      "eigen values  [-0.20710678  1.          1.20710678]\n",
      "2 1\n",
      "[[ 0.         -0.42044821 -0.42044821]\n",
      " [ 0.          1.01505177 -0.17415535]\n",
      " [ 1.          0.          0.        ]] 2\n",
      "[[0.0, 2.0000000000000004, 1.0000000000000002], [2.0000000000000004, 0.0, 1.9999999999999998], [1.0000000000000002, 1.9999999999999998, 0.0]]\n",
      "[[ 1.  0.  0.]\n",
      " [ 0.  1.  0.]\n",
      " [-0. -0. -1.]]\n"
     ]
    },
    {
     "data": {
      "text/plain": [
       "array([[ 0.66666667, -0.19820119, -0.19820119],\n",
       "       [-0.19820119,  1.08925565, -0.11785113],\n",
       "       [ 0.19820119,  0.11785113, -0.08925565]])"
      ]
     },
     "execution_count": 80,
     "metadata": {},
     "output_type": "execute_result"
    }
   ],
   "source": [
    "D = np.array([[0,1,1],[2,0,1],[1,2,0]])\n",
    "D \n",
    "X,tk = pseudo_embedding(D,3)\n",
    "X\n",
    "print(X,tk)\n",
    "D2 = [ [pseudo_dist(X[i,:],X[j,:],tk) for j in range(3)] for i in range(3)]\n",
    "print(D2)\n",
    "pse_cov(X,tk)"
   ]
  },
  {
   "cell_type": "code",
   "execution_count": 9,
   "metadata": {},
   "outputs": [],
   "source": [
    "p = np.array([0.2,0.5,0.3]) "
   ]
  },
  {
   "cell_type": "code",
   "execution_count": 34,
   "metadata": {},
   "outputs": [],
   "source": [
    "J = np.eye(3) \n",
    "J[2][2]=-1"
   ]
  },
  {
   "cell_type": "code",
   "execution_count": 91,
   "metadata": {},
   "outputs": [
    {
     "name": "stdout",
     "output_type": "stream",
     "text": [
      "21\n",
      "max eigen value of M  39.69771560359223\n",
      "0 1\n",
      "[[-0.0952381]]\n",
      "max eigen val -0.09523809523809472\n",
      "max eigen value of M  39.69771560359223\n",
      "1 1\n",
      "[[ 9.52380952e-02  2.31296463e-17]\n",
      " [-2.31296463e-17 -9.52380952e-02]]\n",
      "max eigen val 0.09523809523809472\n",
      "max eigen value of M  39.69771560359223\n",
      "2 1\n",
      "[[ 9.52380952e-02 -2.31296463e-17 -1.32995466e-17]\n",
      " [-2.31296463e-17  9.52380952e-02  8.59101150e-18]\n",
      " [ 1.32995466e-17 -8.59101150e-18 -9.52380952e-02]]\n",
      "max eigen val 0.09523809523809508\n",
      "max eigen value of M  39.69771560359223\n",
      "3 1\n",
      "[[ 9.52380952e-02 -1.85037171e-17  1.38777878e-17  3.11837196e-18]\n",
      " [-1.85037171e-17  9.52380952e-02 -1.05735526e-17  5.28677631e-18]\n",
      " [ 1.38777878e-17 -1.05735526e-17  9.52380952e-02 -6.60847038e-19]\n",
      " [-3.11837196e-18 -5.28677631e-18  6.60847038e-19 -9.52380952e-02]]\n",
      "max eigen val 0.0952380952380952\n",
      "max eigen value of M  39.69771560359223\n",
      "4 1\n",
      "[[ 9.52380952e-02 -1.98254112e-17  1.39603937e-17 -3.13902343e-18\n",
      "  -8.26058798e-19]\n",
      " [-1.98254112e-17  9.52380952e-02 -1.12343997e-17 -6.60847038e-18\n",
      "   1.02431291e-17]\n",
      " [ 1.39603937e-17 -1.12343997e-17  9.52380952e-02 -9.91270558e-19\n",
      "  -7.14540860e-18]\n",
      " [-3.13902343e-18 -6.60847038e-18 -9.91270558e-19  9.52380952e-02\n",
      "   6.03022923e-18]\n",
      " [ 8.26058798e-19 -1.02431291e-17  7.14540860e-18 -6.03022923e-18\n",
      "  -9.52380952e-02]]\n",
      "max eigen val 0.09523809523809523\n",
      "max eigen value of M  39.69771560359223\n",
      "5 1\n",
      "[[ 9.52380952e-02 -2.31296463e-17  1.39603937e-17 -3.13902343e-18\n",
      "   8.26058798e-19 -2.31296463e-18]\n",
      " [-2.31296463e-17  9.52380952e-02 -1.12343997e-17 -6.60847038e-18\n",
      "  -1.02431291e-17 -1.32169408e-18]\n",
      " [ 1.39603937e-17 -1.12343997e-17  9.52380952e-02 -9.91270558e-19\n",
      "   7.14540860e-18 -4.44419633e-17]\n",
      " [-3.13902343e-18 -6.60847038e-18 -9.91270558e-19  9.52380952e-02\n",
      "  -6.03022923e-18 -2.01558347e-17]\n",
      " [ 8.26058798e-19 -1.02431291e-17  7.14540860e-18 -6.03022923e-18\n",
      "   9.52380952e-02 -1.01605232e-17]\n",
      " [ 2.31296463e-18  1.32169408e-18  4.44419633e-17  2.01558347e-17\n",
      "   1.01605232e-17 -9.52380952e-02]]\n",
      "max eigen val 0.09523809523809526\n",
      "max eigen value of M  39.69771560359223\n",
      "6 1\n",
      "[[ 9.52380952e-02 -2.31296463e-17  1.32995466e-17 -3.13902343e-18\n",
      "   8.26058798e-19  2.31296463e-18 -1.28348886e-17]\n",
      " [-2.31296463e-17  9.52380952e-02 -8.59101150e-18 -6.60847038e-18\n",
      "  -1.02431291e-17  1.32169408e-18 -1.18952467e-17]\n",
      " [ 1.32995466e-17 -8.59101150e-18  9.52380952e-02  9.91270558e-19\n",
      "   4.83244397e-18  4.04768811e-17  2.40796140e-17]\n",
      " [-3.13902343e-18 -6.60847038e-18  9.91270558e-19  9.52380952e-02\n",
      "  -9.33446442e-18  2.27992228e-17 -1.59016319e-17]\n",
      " [ 8.26058798e-19 -1.02431291e-17  4.83244397e-18 -9.33446442e-18\n",
      "   9.52380952e-02  1.01605232e-17  3.24847622e-17]\n",
      " [ 2.31296463e-18  1.32169408e-18  4.04768811e-17  2.27992228e-17\n",
      "   1.01605232e-17  9.52380952e-02 -8.67361738e-18]\n",
      " [ 1.28348886e-17  1.18952467e-17 -2.40796140e-17  1.59016319e-17\n",
      "  -3.24847622e-17  8.67361738e-18 -9.52380952e-02]]\n",
      "max eigen val 0.09523809523809534\n",
      "max eigen value of M  39.69771560359223\n",
      "7 1\n",
      "[[ 9.52380952e-02 -2.31296463e-17  1.32995466e-17 -2.47817639e-18\n",
      "   8.26058798e-19  2.31296463e-18  1.28348886e-17 -1.57364201e-17]\n",
      " [-2.31296463e-17  9.52380952e-02 -8.59101150e-18 -5.28677631e-18\n",
      "  -1.02431291e-17  1.32169408e-18  1.18952467e-17 -6.27804687e-18]\n",
      " [ 1.32995466e-17 -8.59101150e-18  9.52380952e-02 -9.91270558e-19\n",
      "   4.83244397e-18  4.04768811e-17 -2.40796140e-17  1.13170055e-17]\n",
      " [-2.47817639e-18 -5.28677631e-18 -9.91270558e-19  9.52380952e-02\n",
      "  -9.33446442e-18  2.27992228e-17  1.59016319e-17 -9.74749382e-18]\n",
      " [ 8.26058798e-19 -1.02431291e-17  4.83244397e-18 -9.33446442e-18\n",
      "   9.52380952e-02  1.01605232e-17 -3.24847622e-17  1.33201981e-17]\n",
      " [ 2.31296463e-18  1.32169408e-18  4.04768811e-17  2.27992228e-17\n",
      "   1.01605232e-17  9.52380952e-02  8.67361738e-18  2.03210464e-17]\n",
      " [ 1.28348886e-17  1.18952467e-17 -2.40796140e-17  1.59016319e-17\n",
      "  -3.24847622e-17  8.67361738e-18  9.52380952e-02 -1.27626084e-17]\n",
      " [ 1.57364201e-17  6.27804687e-18 -1.13170055e-17  9.74749382e-18\n",
      "  -1.33201981e-17 -2.03210464e-17  1.27626084e-17 -9.52380952e-02]]\n",
      "max eigen val 0.09523809523809541\n",
      "max eigen value of M  39.69771560359223\n",
      "8 1\n",
      "[[ 9.52380952e-02 -1.98254112e-17  1.39603937e-17 -3.13902343e-18\n",
      "   8.26058798e-19  2.31296463e-18  1.28348886e-17  1.57364201e-17\n",
      "   4.25420281e-18]\n",
      " [-1.98254112e-17  9.52380952e-02 -1.12343997e-17 -6.60847038e-18\n",
      "  -1.02431291e-17  1.32169408e-18  1.18952467e-17  6.27804687e-18\n",
      "   1.51994819e-17]\n",
      " [ 1.39603937e-17 -1.12343997e-17  9.52380952e-02 -9.91270558e-19\n",
      "   7.14540860e-18  4.04768811e-17 -2.40796140e-17 -1.13170055e-17\n",
      "  -3.81639165e-17]\n",
      " [-3.13902343e-18 -6.60847038e-18 -9.91270558e-19  9.52380952e-02\n",
      "  -6.03022923e-18  2.27992228e-17  1.59016319e-17  9.74749382e-18\n",
      "   8.92143502e-18]\n",
      " [ 8.26058798e-19 -1.02431291e-17  7.14540860e-18 -6.03022923e-18\n",
      "   9.52380952e-02  8.50840562e-18 -3.64498445e-17 -1.13376570e-17\n",
      "  -2.70740771e-17]\n",
      " [ 2.31296463e-18  1.32169408e-18  4.04768811e-17  2.27992228e-17\n",
      "   8.50840562e-18  9.52380952e-02  8.67361738e-18 -1.89993524e-17\n",
      "   2.54426110e-17]\n",
      " [ 1.28348886e-17  1.18952467e-17 -2.40796140e-17  1.59016319e-17\n",
      "  -3.64498445e-17  8.67361738e-18  9.52380952e-02  1.27626084e-17\n",
      "   1.43940746e-17]\n",
      " [ 1.57364201e-17  6.27804687e-18 -1.13170055e-17  9.74749382e-18\n",
      "  -1.13376570e-17 -1.89993524e-17  1.27626084e-17  9.52380952e-02\n",
      "  -2.07340758e-17]\n",
      " [-4.25420281e-18 -1.51994819e-17  3.81639165e-17 -8.92143502e-18\n",
      "   2.70740771e-17 -2.54426110e-17 -1.43940746e-17  2.07340758e-17\n",
      "  -9.52380952e-02]]\n",
      "max eigen val 0.0952380952380954\n",
      "max eigen value of M  39.69771560359223\n",
      "9 1\n",
      "[[ 9.52380952e-02 -2.31296463e-17  1.39603937e-17 -3.13902343e-18\n",
      "   8.26058798e-19  2.31296463e-18  1.28348886e-17  1.57364201e-17\n",
      "  -4.25420281e-18  1.51994819e-17]\n",
      " [-2.31296463e-17  9.52380952e-02 -1.12343997e-17 -6.60847038e-18\n",
      "  -1.02431291e-17  1.32169408e-18  1.18952467e-17  6.27804687e-18\n",
      "  -1.51994819e-17  0.00000000e+00]\n",
      " [ 1.39603937e-17 -1.12343997e-17  9.52380952e-02 -9.91270558e-19\n",
      "   7.14540860e-18  4.44419633e-17 -2.40796140e-17 -1.13170055e-17\n",
      "   3.81639165e-17  2.97381167e-17]\n",
      " [-3.13902343e-18 -6.60847038e-18 -9.91270558e-19  9.52380952e-02\n",
      "  -6.03022923e-18  2.01558347e-17  1.59016319e-17  9.74749382e-18\n",
      "  -8.92143502e-18  1.58603289e-17]\n",
      " [ 8.26058798e-19 -1.02431291e-17  7.14540860e-18 -6.03022923e-18\n",
      "   9.52380952e-02  1.01605232e-17 -3.64498445e-17 -1.13376570e-17\n",
      "   2.70740771e-17  1.09039761e-17]\n",
      " [ 2.31296463e-18  1.32169408e-18  4.44419633e-17  2.01558347e-17\n",
      "   1.01605232e-17  9.52380952e-02  8.67361738e-18 -1.89993524e-17\n",
      "  -2.54426110e-17 -3.70074342e-17]\n",
      " [ 1.28348886e-17  1.18952467e-17 -2.40796140e-17  1.59016319e-17\n",
      "  -3.64498445e-17  8.67361738e-18  9.52380952e-02  1.27626084e-17\n",
      "  -1.43940746e-17  3.63465871e-18]\n",
      " [ 1.57364201e-17  6.27804687e-18 -1.13170055e-17  9.74749382e-18\n",
      "  -1.13376570e-17 -1.89993524e-17  1.27626084e-17  9.52380952e-02\n",
      "   2.07340758e-17  2.64338815e-18]\n",
      " [-4.25420281e-18 -1.51994819e-17  3.81639165e-17 -8.92143502e-18\n",
      "   2.70740771e-17 -2.54426110e-17 -1.43940746e-17  2.07340758e-17\n",
      "   9.52380952e-02  3.30423519e-19]\n",
      " [-1.51994819e-17  0.00000000e+00 -2.97381167e-17 -1.58603289e-17\n",
      "  -1.09039761e-17  3.70074342e-17 -3.63465871e-18 -2.64338815e-18\n",
      "  -3.30423519e-19 -9.52380952e-02]]\n",
      "max eigen val 0.0952380952380954\n",
      "max eigen value of M  39.69771560359223\n",
      "10 1\n",
      "[[ 9.52380952e-02 -2.31296463e-17  1.32995466e-17 -3.13902343e-18\n",
      "   8.26058798e-19  2.31296463e-18  1.28348886e-17  1.57364201e-17\n",
      "  -4.25420281e-18 -1.51994819e-17  9.08664678e-18]\n",
      " [-2.31296463e-17  9.52380952e-02 -8.59101150e-18 -6.60847038e-18\n",
      "  -1.02431291e-17  1.32169408e-18  1.18952467e-17  6.27804687e-18\n",
      "  -1.51994819e-17  0.00000000e+00 -2.64338815e-18]\n",
      " [ 1.32995466e-17 -8.59101150e-18  9.52380952e-02  9.91270558e-19\n",
      "   4.83244397e-18  4.04768811e-17 -2.40796140e-17 -1.13170055e-17\n",
      "   3.81639165e-17 -2.97381167e-17  1.15648232e-17]\n",
      " [-3.13902343e-18 -6.60847038e-18  9.91270558e-19  9.52380952e-02\n",
      "  -9.33446442e-18  2.27992228e-17  1.59016319e-17  9.74749382e-18\n",
      "  -8.92143502e-18 -1.58603289e-17  4.62592927e-18]\n",
      " [ 8.26058798e-19 -1.02431291e-17  4.83244397e-18 -9.33446442e-18\n",
      "   9.52380952e-02  1.01605232e-17 -3.24847622e-17 -1.13376570e-17\n",
      "   2.70740771e-17 -1.09039761e-17 -7.02149978e-18]\n",
      " [ 2.31296463e-18  1.32169408e-18  4.04768811e-17  2.27992228e-17\n",
      "   1.01605232e-17  9.52380952e-02  8.67361738e-18 -1.89993524e-17\n",
      "  -2.54426110e-17  3.70074342e-17 -2.84164227e-17]\n",
      " [ 1.28348886e-17  1.18952467e-17 -2.40796140e-17  1.59016319e-17\n",
      "  -3.24847622e-17  8.67361738e-18  9.52380952e-02  1.01192203e-17\n",
      "  -1.91852156e-17 -1.48690584e-18 -1.40429996e-18]\n",
      " [ 1.57364201e-17  6.27804687e-18 -1.13170055e-17  9.74749382e-18\n",
      "  -1.13376570e-17 -1.89993524e-17  1.01192203e-17  9.52380952e-02\n",
      "   1.61081466e-17 -1.32169408e-18  1.65211760e-17]\n",
      " [-4.25420281e-18 -1.51994819e-17  3.81639165e-17 -8.92143502e-18\n",
      "   2.70740771e-17 -2.54426110e-17 -1.91852156e-17  1.61081466e-17\n",
      "   9.52380952e-02 -3.30423519e-19  1.48690584e-17]\n",
      " [-1.51994819e-17  0.00000000e+00 -2.97381167e-17 -1.58603289e-17\n",
      "  -1.09039761e-17  3.70074342e-17 -1.48690584e-18 -1.32169408e-18\n",
      "  -3.30423519e-19  9.52380952e-02 -4.22942105e-17]\n",
      " [-9.08664678e-18  2.64338815e-18 -1.15648232e-17 -4.62592927e-18\n",
      "   7.02149978e-18  2.84164227e-17  1.40429996e-18 -1.65211760e-17\n",
      "  -1.48690584e-17  4.22942105e-17 -9.52380952e-02]]\n",
      "max eigen val 0.09523809523809547\n",
      "max eigen value of M  39.69771560359223\n",
      "11 1\n",
      "[[ 9.52380952e-02 -2.31296463e-17  1.32995466e-17 -2.47817639e-18\n",
      "   8.26058798e-19  2.31296463e-18  1.28348886e-17  1.57364201e-17\n",
      "  -4.25420281e-18 -1.51994819e-17 -9.08664678e-18 -4.46071751e-18]\n",
      " [-2.31296463e-17  9.52380952e-02 -8.59101150e-18 -5.28677631e-18\n",
      "  -1.02431291e-17  1.32169408e-18  1.18952467e-17  6.27804687e-18\n",
      "  -1.51994819e-17  0.00000000e+00  2.64338815e-18  1.32169408e-18]\n",
      " [ 1.32995466e-17 -8.59101150e-18  9.52380952e-02 -9.91270558e-19\n",
      "   4.83244397e-18  4.04768811e-17 -2.40796140e-17 -1.13170055e-17\n",
      "   3.81639165e-17 -2.97381167e-17 -1.15648232e-17 -2.94076932e-17]\n",
      " [-2.47817639e-18 -5.28677631e-18 -9.91270558e-19  9.52380952e-02\n",
      "  -9.33446442e-18  2.27992228e-17  1.59016319e-17  9.74749382e-18\n",
      "  -8.92143502e-18 -1.58603289e-17 -4.62592927e-18 -5.94762335e-18]\n",
      " [ 8.26058798e-19 -1.02431291e-17  4.83244397e-18 -9.33446442e-18\n",
      "   9.52380952e-02  1.01605232e-17 -3.24847622e-17 -1.33201981e-17\n",
      "   2.70740771e-17 -1.09039761e-17  7.02149978e-18  7.68234682e-18]\n",
      " [ 2.31296463e-18  1.32169408e-18  4.04768811e-17  2.27992228e-17\n",
      "   1.01605232e-17  9.52380952e-02  8.67361738e-18 -2.03210464e-17\n",
      "  -2.54426110e-17  3.70074342e-17  2.84164227e-17 -1.58603289e-17]\n",
      " [ 1.28348886e-17  1.18952467e-17 -2.40796140e-17  1.59016319e-17\n",
      "  -3.24847622e-17  8.67361738e-18  9.52380952e-02  1.27626084e-17\n",
      "  -1.91852156e-17 -1.48690584e-18  1.40429996e-18  3.67596165e-17]\n",
      " [ 1.57364201e-17  6.27804687e-18 -1.13170055e-17  9.74749382e-18\n",
      "  -1.33201981e-17 -2.03210464e-17  1.27626084e-17  9.52380952e-02\n",
      "   1.61081466e-17 -1.32169408e-18 -1.65211760e-17 -2.16427405e-17]\n",
      " [-4.25420281e-18 -1.51994819e-17  3.81639165e-17 -8.92143502e-18\n",
      "   2.70740771e-17 -2.54426110e-17 -1.91852156e-17  1.61081466e-17\n",
      "   9.52380952e-02 -3.30423519e-19 -1.48690584e-17 -6.44325863e-18]\n",
      " [-1.51994819e-17  0.00000000e+00 -2.97381167e-17 -1.58603289e-17\n",
      "  -1.09039761e-17  3.70074342e-17 -1.48690584e-18 -1.32169408e-18\n",
      "  -3.30423519e-19  9.52380952e-02  4.22942105e-17 -7.93016446e-18]\n",
      " [-9.08664678e-18  2.64338815e-18 -1.15648232e-17 -4.62592927e-18\n",
      "   7.02149978e-18  2.84164227e-17  1.40429996e-18 -1.65211760e-17\n",
      "  -1.48690584e-17  4.22942105e-17  9.52380952e-02  2.97381167e-17]\n",
      " [ 4.46071751e-18 -1.32169408e-18  2.94076932e-17  5.94762335e-18\n",
      "  -7.68234682e-18  1.58603289e-17 -3.67596165e-17  2.16427405e-17\n",
      "   6.44325863e-18  7.93016446e-18 -2.97381167e-17 -9.52380952e-02]]\n",
      "max eigen val 0.09523809523809555\n",
      "max eigen value of M  39.69771560359223\n",
      "12 1\n",
      "[[ 9.52380952e-02 -1.98254112e-17  1.39603937e-17 -3.13902343e-18\n",
      "   8.26058798e-19  2.31296463e-18  1.28348886e-17  1.57364201e-17\n",
      "  -4.25420281e-18 -1.51994819e-17 -9.08664678e-18  4.46071751e-18\n",
      "   2.64338815e-18]\n",
      " [-1.98254112e-17  9.52380952e-02 -1.12343997e-17 -6.60847038e-18\n",
      "  -1.02431291e-17  1.32169408e-18  1.18952467e-17  6.27804687e-18\n",
      "  -1.51994819e-17  0.00000000e+00  2.64338815e-18 -1.32169408e-18\n",
      "   0.00000000e+00]\n",
      " [ 1.39603937e-17 -1.12343997e-17  9.52380952e-02 -9.91270558e-19\n",
      "   7.14540860e-18  4.04768811e-17 -2.40796140e-17 -1.13170055e-17\n",
      "   3.81639165e-17 -2.97381167e-17 -1.15648232e-17  2.94076932e-17\n",
      "   2.64338815e-18]\n",
      " [-3.13902343e-18 -6.60847038e-18 -9.91270558e-19  9.52380952e-02\n",
      "  -6.03022923e-18  2.27992228e-17  1.59016319e-17  9.74749382e-18\n",
      "  -8.92143502e-18 -1.58603289e-17 -4.62592927e-18  5.94762335e-18\n",
      "  -7.93016446e-18]\n",
      " [ 8.26058798e-19 -1.02431291e-17  7.14540860e-18 -6.03022923e-18\n",
      "   9.52380952e-02  8.50840562e-18 -3.64498445e-17 -1.13376570e-17\n",
      "   2.70740771e-17 -1.09039761e-17  7.02149978e-18 -7.68234682e-18\n",
      "   1.32169408e-18]\n",
      " [ 2.31296463e-18  1.32169408e-18  4.04768811e-17  2.27992228e-17\n",
      "   8.50840562e-18  9.52380952e-02  8.67361738e-18 -1.89993524e-17\n",
      "  -2.54426110e-17  3.70074342e-17  2.84164227e-17  1.58603289e-17\n",
      "  -3.50248930e-17]\n",
      " [ 1.28348886e-17  1.18952467e-17 -2.40796140e-17  1.59016319e-17\n",
      "  -3.64498445e-17  8.67361738e-18  9.52380952e-02  1.27626084e-17\n",
      "  -1.43940746e-17 -1.48690584e-18  1.40429996e-18 -3.67596165e-17\n",
      "  -1.32995466e-17]\n",
      " [ 1.57364201e-17  6.27804687e-18 -1.13170055e-17  9.74749382e-18\n",
      "  -1.13376570e-17 -1.89993524e-17  1.27626084e-17  9.52380952e-02\n",
      "   2.07340758e-17 -1.32169408e-18 -1.65211760e-17  2.16427405e-17\n",
      "  -1.45386348e-17]\n",
      " [-4.25420281e-18 -1.51994819e-17  3.81639165e-17 -8.92143502e-18\n",
      "   2.70740771e-17 -2.54426110e-17 -1.43940746e-17  2.07340758e-17\n",
      "   9.52380952e-02 -2.31296463e-18 -1.61907524e-17  5.12156455e-18\n",
      "   1.80080818e-17]\n",
      " [-1.51994819e-17  0.00000000e+00 -2.97381167e-17 -1.58603289e-17\n",
      "  -1.09039761e-17  3.70074342e-17 -1.48690584e-18 -1.32169408e-18\n",
      "  -2.31296463e-18  9.52380952e-02  4.22942105e-17  7.93016446e-18\n",
      "  -5.28677631e-18]\n",
      " [-9.08664678e-18  2.64338815e-18 -1.15648232e-17 -4.62592927e-18\n",
      "   7.02149978e-18  2.84164227e-17  1.40429996e-18 -1.65211760e-17\n",
      "  -1.61907524e-17  4.22942105e-17  9.52380952e-02 -2.97381167e-17\n",
      "   2.90772697e-17]\n",
      " [ 4.46071751e-18 -1.32169408e-18  2.94076932e-17  5.94762335e-18\n",
      "  -7.68234682e-18  1.58603289e-17 -3.67596165e-17  2.16427405e-17\n",
      "   5.12156455e-18  7.93016446e-18 -2.97381167e-17  9.52380952e-02\n",
      "  -1.58603289e-17]\n",
      " [-2.64338815e-18  0.00000000e+00 -2.64338815e-18  7.93016446e-18\n",
      "  -1.32169408e-18  3.50248930e-17  1.32995466e-17  1.45386348e-17\n",
      "  -1.80080818e-17  5.28677631e-18 -2.90772697e-17  1.58603289e-17\n",
      "  -1.35343834e+00]]\n",
      "max eigen val 0.09523809523809602\n",
      "max eigen value of M  39.69771560359223\n",
      "13 1\n",
      "[[ 9.52380952e-02 -2.31296463e-17  1.39603937e-17 -3.13902343e-18\n",
      "   8.26058798e-19  2.31296463e-18  1.28348886e-17  1.57364201e-17\n",
      "  -4.25420281e-18 -1.51994819e-17 -9.08664678e-18  4.46071751e-18\n",
      "  -2.64338815e-18 -3.89899753e-17]\n",
      " [-2.31296463e-17  9.52380952e-02 -1.12343997e-17 -6.60847038e-18\n",
      "  -1.02431291e-17  1.32169408e-18  1.18952467e-17  6.27804687e-18\n",
      "  -1.51994819e-17  0.00000000e+00  2.64338815e-18 -1.32169408e-18\n",
      "   0.00000000e+00 -1.05735526e-17]\n",
      " [ 1.39603937e-17 -1.12343997e-17  9.52380952e-02 -9.91270558e-19\n",
      "   7.14540860e-18  4.44419633e-17 -2.40796140e-17 -1.13170055e-17\n",
      "   3.81639165e-17 -2.97381167e-17 -1.15648232e-17  2.94076932e-17\n",
      "  -2.64338815e-18  0.00000000e+00]\n",
      " [-3.13902343e-18 -6.60847038e-18 -9.91270558e-19  9.52380952e-02\n",
      "  -6.03022923e-18  2.01558347e-17  1.59016319e-17  9.74749382e-18\n",
      "  -8.92143502e-18 -1.58603289e-17 -4.62592927e-18  5.94762335e-18\n",
      "   7.93016446e-18 -1.05735526e-17]\n",
      " [ 8.26058798e-19 -1.02431291e-17  7.14540860e-18 -6.03022923e-18\n",
      "   9.52380952e-02  1.01605232e-17 -3.64498445e-17 -1.13376570e-17\n",
      "   2.70740771e-17 -1.09039761e-17  7.02149978e-18 -7.68234682e-18\n",
      "  -1.32169408e-18  2.37904934e-17]\n",
      " [ 2.31296463e-18  1.32169408e-18  4.44419633e-17  2.01558347e-17\n",
      "   1.01605232e-17  9.52380952e-02  8.67361738e-18 -1.89993524e-17\n",
      "  -2.54426110e-17  3.70074342e-17  2.84164227e-17  1.58603289e-17\n",
      "   3.50248930e-17  1.58603289e-17]\n",
      " [ 1.28348886e-17  1.18952467e-17 -2.40796140e-17  1.59016319e-17\n",
      "  -3.64498445e-17  8.67361738e-18  9.52380952e-02  1.27626084e-17\n",
      "  -1.43940746e-17 -3.63465871e-18  1.40429996e-18 -3.67596165e-17\n",
      "   1.32995466e-17  1.81732936e-17]\n",
      " [ 1.57364201e-17  6.27804687e-18 -1.13170055e-17  9.74749382e-18\n",
      "  -1.13376570e-17 -1.89993524e-17  1.27626084e-17  9.52380952e-02\n",
      "   2.07340758e-17 -2.64338815e-18 -1.65211760e-17  2.16427405e-17\n",
      "   1.45386348e-17 -2.37904934e-17]\n",
      " [-4.25420281e-18 -1.51994819e-17  3.81639165e-17 -8.92143502e-18\n",
      "   2.70740771e-17 -2.54426110e-17 -1.43940746e-17  2.07340758e-17\n",
      "   9.52380952e-02 -3.30423519e-19 -1.61907524e-17  5.12156455e-18\n",
      "  -1.80080818e-17  3.30423519e-17]\n",
      " [-1.51994819e-17  0.00000000e+00 -2.97381167e-17 -1.58603289e-17\n",
      "  -1.09039761e-17  3.70074342e-17 -3.63465871e-18 -2.64338815e-18\n",
      "  -3.30423519e-19  9.52380952e-02  4.22942105e-17  7.93016446e-18\n",
      "   5.28677631e-18 -1.05735526e-17]\n",
      " [-9.08664678e-18  2.64338815e-18 -1.15648232e-17 -4.62592927e-18\n",
      "   7.02149978e-18  2.84164227e-17  1.40429996e-18 -1.65211760e-17\n",
      "  -1.61907524e-17  4.22942105e-17  9.52380952e-02 -2.97381167e-17\n",
      "  -2.90772697e-17  2.11471052e-17]\n",
      " [ 4.46071751e-18 -1.32169408e-18  2.94076932e-17  5.94762335e-18\n",
      "  -7.68234682e-18  1.58603289e-17 -3.67596165e-17  2.16427405e-17\n",
      "   5.12156455e-18  7.93016446e-18 -2.97381167e-17  9.52380952e-02\n",
      "   1.58603289e-17  1.05735526e-17]\n",
      " [-2.64338815e-18  0.00000000e+00 -2.64338815e-18  7.93016446e-18\n",
      "  -1.32169408e-18  3.50248930e-17  1.32995466e-17  1.45386348e-17\n",
      "  -1.80080818e-17  5.28677631e-18 -2.90772697e-17  1.58603289e-17\n",
      "   1.35343834e+00 -2.59052039e-16]\n",
      " [ 3.89899753e-17  1.05735526e-17  0.00000000e+00  1.05735526e-17\n",
      "  -2.37904934e-17 -1.58603289e-17 -1.81732936e-17  2.37904934e-17\n",
      "  -3.30423519e-17  1.05735526e-17 -2.11471052e-17 -1.05735526e-17\n",
      "   2.59052039e-16 -1.35343834e+00]]\n",
      "max eigen val 1.3534383381836173\n",
      "max eigen value of M  39.69771560359223\n",
      "14 1\n",
      "[[ 9.52380952e-02 -2.31296463e-17  1.32995466e-17 -3.13902343e-18\n",
      "   8.26058798e-19  2.31296463e-18  1.28348886e-17  1.57364201e-17\n",
      "  -4.25420281e-18 -1.51994819e-17 -9.08664678e-18  4.46071751e-18\n",
      "  -2.64338815e-18  3.89899753e-17 -6.60847038e-19]\n",
      " [-2.31296463e-17  9.52380952e-02 -8.59101150e-18 -6.60847038e-18\n",
      "  -1.02431291e-17  1.32169408e-18  1.18952467e-17  6.27804687e-18\n",
      "  -1.51994819e-17  0.00000000e+00  2.64338815e-18 -1.32169408e-18\n",
      "   0.00000000e+00  1.05735526e-17  0.00000000e+00]\n",
      " [ 1.32995466e-17 -8.59101150e-18  9.52380952e-02  9.91270558e-19\n",
      "   4.83244397e-18  4.04768811e-17 -2.40796140e-17 -1.13170055e-17\n",
      "   3.81639165e-17 -2.97381167e-17 -1.15648232e-17  2.94076932e-17\n",
      "  -2.64338815e-18  0.00000000e+00 -2.24687993e-17]\n",
      " [-3.13902343e-18 -6.60847038e-18  9.91270558e-19  9.52380952e-02\n",
      "  -9.33446442e-18  2.27992228e-17  1.59016319e-17  9.74749382e-18\n",
      "  -8.92143502e-18 -1.58603289e-17 -4.62592927e-18  5.94762335e-18\n",
      "   7.93016446e-18  1.05735526e-17  1.58603289e-17]\n",
      " [ 8.26058798e-19 -1.02431291e-17  4.83244397e-18 -9.33446442e-18\n",
      "   9.52380952e-02  1.01605232e-17 -3.24847622e-17 -1.13376570e-17\n",
      "   2.70740771e-17 -1.09039761e-17  7.02149978e-18 -7.68234682e-18\n",
      "  -1.32169408e-18 -2.37904934e-17  6.60847038e-19]\n",
      " [ 2.31296463e-18  1.32169408e-18  4.04768811e-17  2.27992228e-17\n",
      "   1.01605232e-17  9.52380952e-02  8.67361738e-18 -1.89993524e-17\n",
      "  -2.54426110e-17  3.70074342e-17  2.84164227e-17  1.58603289e-17\n",
      "   3.50248930e-17 -1.58603289e-17 -1.32169408e-17]\n",
      " [ 1.28348886e-17  1.18952467e-17 -2.40796140e-17  1.59016319e-17\n",
      "  -3.24847622e-17  8.67361738e-18  9.52380952e-02  1.01192203e-17\n",
      "  -1.91852156e-17 -1.48690584e-18  1.40429996e-18 -3.67596165e-17\n",
      "   1.32995466e-17 -1.81732936e-17  1.71820230e-17]\n",
      " [ 1.57364201e-17  6.27804687e-18 -1.13170055e-17  9.74749382e-18\n",
      "  -1.13376570e-17 -1.89993524e-17  1.01192203e-17  9.52380952e-02\n",
      "   1.61081466e-17 -1.32169408e-18 -1.65211760e-17  2.16427405e-17\n",
      "   1.45386348e-17  2.37904934e-17 -3.83291282e-17]\n",
      " [-4.25420281e-18 -1.51994819e-17  3.81639165e-17 -8.92143502e-18\n",
      "   2.70740771e-17 -2.54426110e-17 -1.91852156e-17  1.61081466e-17\n",
      "   9.52380952e-02 -3.30423519e-19 -1.48690584e-17  5.12156455e-18\n",
      "  -1.80080818e-17 -3.30423519e-17  4.22942105e-17]\n",
      " [-1.51994819e-17  0.00000000e+00 -2.97381167e-17 -1.58603289e-17\n",
      "  -1.09039761e-17  3.70074342e-17 -1.48690584e-18 -1.32169408e-18\n",
      "  -3.30423519e-19  9.52380952e-02  4.22942105e-17  7.93016446e-18\n",
      "   5.28677631e-18  1.05735526e-17 -2.11471052e-17]\n",
      " [-9.08664678e-18  2.64338815e-18 -1.15648232e-17 -4.62592927e-18\n",
      "   7.02149978e-18  2.84164227e-17  1.40429996e-18 -1.65211760e-17\n",
      "  -1.48690584e-17  4.22942105e-17  9.52380952e-02 -3.10598108e-17\n",
      "  -2.64338815e-17 -3.70074342e-17 -5.28677631e-18]\n",
      " [ 4.46071751e-18 -1.32169408e-18  2.94076932e-17  5.94762335e-18\n",
      "  -7.68234682e-18  1.58603289e-17 -3.67596165e-17  2.16427405e-17\n",
      "   5.12156455e-18  7.93016446e-18 -3.10598108e-17  9.52380952e-02\n",
      "   1.58603289e-17 -5.28677631e-18 -7.93016446e-17]\n",
      " [-2.64338815e-18  0.00000000e+00 -2.64338815e-18  7.93016446e-18\n",
      "  -1.32169408e-18  3.50248930e-17  1.32995466e-17  1.45386348e-17\n",
      "  -1.80080818e-17  5.28677631e-18 -2.64338815e-17  1.58603289e-17\n",
      "   1.35343834e+00  2.59052039e-16  2.11471052e-17]\n",
      " [ 3.89899753e-17  1.05735526e-17  0.00000000e+00  1.05735526e-17\n",
      "  -2.37904934e-17 -1.58603289e-17 -1.81732936e-17  2.37904934e-17\n",
      "  -3.30423519e-17  1.05735526e-17 -3.70074342e-17 -5.28677631e-18\n",
      "   2.59052039e-16  1.35343834e+00 -2.11471052e-17]\n",
      " [ 6.60847038e-19  0.00000000e+00  2.24687993e-17 -1.58603289e-17\n",
      "  -6.60847038e-19  1.32169408e-17 -1.71820230e-17  3.83291282e-17\n",
      "  -4.22942105e-17  2.11471052e-17  5.28677631e-18  7.93016446e-17\n",
      "  -2.11471052e-17  2.11471052e-17 -1.35343834e+00]]\n",
      "max eigen val 1.3534383381836177\n",
      "max eigen value of M  39.69771560359223\n",
      "15 1\n",
      "[[ 9.52380952e-02 -2.31296463e-17  1.32995466e-17 -2.47817639e-18\n",
      "   8.26058798e-19  2.31296463e-18  1.28348886e-17  1.57364201e-17\n",
      "  -4.25420281e-18 -1.51994819e-17 -9.08664678e-18  4.46071751e-18\n",
      "  -2.64338815e-18  3.89899753e-17  6.60847038e-19  7.35192330e-18]\n",
      " [-2.31296463e-17  9.52380952e-02 -8.59101150e-18 -5.28677631e-18\n",
      "  -1.02431291e-17  1.32169408e-18  1.18952467e-17  6.27804687e-18\n",
      "  -1.51994819e-17  0.00000000e+00  2.64338815e-18 -1.32169408e-18\n",
      "   0.00000000e+00  1.05735526e-17  0.00000000e+00 -1.58603289e-17]\n",
      " [ 1.32995466e-17 -8.59101150e-18  9.52380952e-02 -9.91270558e-19\n",
      "   4.83244397e-18  4.04768811e-17 -2.40796140e-17 -1.13170055e-17\n",
      "   3.81639165e-17 -2.97381167e-17 -1.15648232e-17  2.94076932e-17\n",
      "  -2.64338815e-18  0.00000000e+00  2.24687993e-17  3.10598108e-17]\n",
      " [-2.47817639e-18 -5.28677631e-18 -9.91270558e-19  9.52380952e-02\n",
      "  -9.33446442e-18  2.27992228e-17  1.59016319e-17  9.74749382e-18\n",
      "  -8.92143502e-18 -1.58603289e-17 -4.62592927e-18  5.94762335e-18\n",
      "   7.93016446e-18  1.05735526e-17 -1.58603289e-17  1.22256702e-17]\n",
      " [ 8.26058798e-19 -1.02431291e-17  4.83244397e-18 -9.33446442e-18\n",
      "   9.52380952e-02  1.01605232e-17 -3.24847622e-17 -1.33201981e-17\n",
      "   2.70740771e-17 -1.09039761e-17  7.02149978e-18 -7.68234682e-18\n",
      "  -1.32169408e-18 -2.37904934e-17 -6.60847038e-19  5.16286749e-17]\n",
      " [ 2.31296463e-18  1.32169408e-18  4.04768811e-17  2.27992228e-17\n",
      "   1.01605232e-17  9.52380952e-02  8.67361738e-18 -2.03210464e-17\n",
      "  -2.54426110e-17  3.70074342e-17  2.84164227e-17  1.58603289e-17\n",
      "   3.50248930e-17 -1.58603289e-17  1.32169408e-17  7.26931742e-18]\n",
      " [ 1.28348886e-17  1.18952467e-17 -2.40796140e-17  1.59016319e-17\n",
      "  -3.24847622e-17  8.67361738e-18  9.52380952e-02  1.27626084e-17\n",
      "  -1.91852156e-17 -1.48690584e-18  1.40429996e-18 -3.67596165e-17\n",
      "   1.32995466e-17 -1.81732936e-17 -1.71820230e-17  1.78015671e-17]\n",
      " [ 1.57364201e-17  6.27804687e-18 -1.13170055e-17  9.74749382e-18\n",
      "  -1.33201981e-17 -2.03210464e-17  1.27626084e-17  9.52380952e-02\n",
      "   1.61081466e-17 -1.32169408e-18 -1.65211760e-17  2.16427405e-17\n",
      "   1.45386348e-17  2.37904934e-17  3.83291282e-17 -4.26246340e-17]\n",
      " [-4.25420281e-18 -1.51994819e-17  3.81639165e-17 -8.92143502e-18\n",
      "   2.70740771e-17 -2.54426110e-17 -1.91852156e-17  1.61081466e-17\n",
      "   9.52380952e-02 -3.30423519e-19 -1.48690584e-17  6.44325863e-18\n",
      "  -1.80080818e-17 -3.30423519e-17 -4.22942105e-17  7.48409271e-17]\n",
      " [-1.51994819e-17  0.00000000e+00 -2.97381167e-17 -1.58603289e-17\n",
      "  -1.09039761e-17  3.70074342e-17 -1.48690584e-18 -1.32169408e-18\n",
      "  -3.30423519e-19  9.52380952e-02  4.22942105e-17  7.93016446e-18\n",
      "   5.28677631e-18  1.05735526e-17  2.11471052e-17 -3.56857401e-17]\n",
      " [-9.08664678e-18  2.64338815e-18 -1.15648232e-17 -4.62592927e-18\n",
      "   7.02149978e-18  2.84164227e-17  1.40429996e-18 -1.65211760e-17\n",
      "  -1.48690584e-17  4.22942105e-17  9.52380952e-02 -2.97381167e-17\n",
      "  -2.64338815e-17 -3.70074342e-17  5.28677631e-18  1.51994819e-17]\n",
      " [ 4.46071751e-18 -1.32169408e-18  2.94076932e-17  5.94762335e-18\n",
      "  -7.68234682e-18  1.58603289e-17 -3.67596165e-17  2.16427405e-17\n",
      "   6.44325863e-18  7.93016446e-18 -2.97381167e-17  9.52380952e-02\n",
      "   1.58603289e-17 -5.28677631e-18  7.93016446e-17 -1.38777878e-17]\n",
      " [-2.64338815e-18  0.00000000e+00 -2.64338815e-18  7.93016446e-18\n",
      "  -1.32169408e-18  3.50248930e-17  1.32995466e-17  1.45386348e-17\n",
      "  -1.80080818e-17  5.28677631e-18 -2.64338815e-17  1.58603289e-17\n",
      "   1.35343834e+00  2.59052039e-16 -2.11471052e-17 -1.45386348e-16]\n",
      " [ 3.89899753e-17  1.05735526e-17  0.00000000e+00  1.05735526e-17\n",
      "  -2.37904934e-17 -1.58603289e-17 -1.81732936e-17  2.37904934e-17\n",
      "  -3.30423519e-17  1.05735526e-17 -3.70074342e-17 -5.28677631e-18\n",
      "   2.59052039e-16  1.35343834e+00  2.11471052e-17  2.11471052e-16]\n",
      " [ 6.60847038e-19  0.00000000e+00  2.24687993e-17 -1.58603289e-17\n",
      "  -6.60847038e-19  1.32169408e-17 -1.71820230e-17  3.83291282e-17\n",
      "  -4.22942105e-17  2.11471052e-17  5.28677631e-18  7.93016446e-17\n",
      "  -2.11471052e-17  2.11471052e-17  1.35343834e+00 -1.32169408e-17]\n",
      " [-7.35192330e-18  1.58603289e-17 -3.10598108e-17 -1.22256702e-17\n",
      "  -5.16286749e-17 -7.26931742e-18 -1.78015671e-17  4.26246340e-17\n",
      "  -7.48409271e-17  3.56857401e-17 -1.51994819e-17  1.38777878e-17\n",
      "   1.45386348e-16 -2.11471052e-16  1.32169408e-17 -2.04161749e-01]]\n",
      "max eigen val 1.3534383381836173\n",
      "max eigen value of M  39.69771560359223\n",
      "15 2\n",
      "[[ 9.52380952e-02 -1.98254112e-17  1.39603937e-17 -3.13902343e-18\n",
      "   8.26058798e-19  2.31296463e-18  1.28348886e-17  1.57364201e-17\n",
      "  -4.25420281e-18 -1.51994819e-17 -9.08664678e-18  4.46071751e-18\n",
      "  -2.64338815e-18  3.89899753e-17  6.60847038e-19  7.35192330e-18\n",
      "  -1.42495143e-18]\n",
      " [-1.98254112e-17  9.52380952e-02 -1.12343997e-17 -6.60847038e-18\n",
      "  -1.02431291e-17  1.32169408e-18  1.18952467e-17  6.27804687e-18\n",
      "  -1.51994819e-17  0.00000000e+00  2.64338815e-18 -1.32169408e-18\n",
      "   0.00000000e+00  1.05735526e-17  0.00000000e+00 -1.58603289e-17\n",
      "  -8.26058798e-19]\n",
      " [ 1.39603937e-17 -1.12343997e-17  9.52380952e-02 -9.91270558e-19\n",
      "   7.14540860e-18  4.04768811e-17 -2.40796140e-17 -1.13170055e-17\n",
      "   3.81639165e-17 -2.97381167e-17 -1.15648232e-17  2.94076932e-17\n",
      "  -2.64338815e-18  0.00000000e+00  2.24687993e-17  3.10598108e-17\n",
      "  -1.50755731e-18]\n",
      " [-3.13902343e-18 -6.60847038e-18 -9.91270558e-19  9.52380952e-02\n",
      "  -6.03022923e-18  2.27992228e-17  1.59016319e-17  9.74749382e-18\n",
      "  -8.92143502e-18 -1.58603289e-17 -4.62592927e-18  5.94762335e-18\n",
      "   7.93016446e-18  1.05735526e-17 -1.58603289e-17  1.22256702e-17\n",
      "   4.13029399e-20]\n",
      " [ 8.26058798e-19 -1.02431291e-17  7.14540860e-18 -6.03022923e-18\n",
      "   9.52380952e-02  8.50840562e-18 -3.64498445e-17 -1.13376570e-17\n",
      "   2.70740771e-17 -1.09039761e-17  7.02149978e-18 -7.68234682e-18\n",
      "  -1.32169408e-18 -2.37904934e-17 -6.60847038e-19  5.16286749e-17\n",
      "   3.87215062e-19]\n",
      " [ 2.31296463e-18  1.32169408e-18  4.04768811e-17  2.27992228e-17\n",
      "   8.50840562e-18  9.52380952e-02  8.67361738e-18 -1.89993524e-17\n",
      "  -2.54426110e-17  3.70074342e-17  2.84164227e-17  1.58603289e-17\n",
      "   3.50248930e-17 -1.58603289e-17  1.32169408e-17  7.26931742e-18\n",
      "   4.54332339e-19]\n",
      " [ 1.28348886e-17  1.18952467e-17 -2.40796140e-17  1.59016319e-17\n",
      "  -3.64498445e-17  8.67361738e-18  9.52380952e-02  1.27626084e-17\n",
      "  -1.43940746e-17 -1.48690584e-18  1.40429996e-18 -3.67596165e-17\n",
      "   1.32995466e-17 -1.81732936e-17 -1.71820230e-17  1.78015671e-17\n",
      "   7.95081593e-19]\n",
      " [ 1.57364201e-17  6.27804687e-18 -1.13170055e-17  9.74749382e-18\n",
      "  -1.13376570e-17 -1.89993524e-17  1.27626084e-17  9.52380952e-02\n",
      "   2.07340758e-17 -1.32169408e-18 -1.65211760e-17  2.16427405e-17\n",
      "   1.45386348e-17  2.37904934e-17  3.83291282e-17 -4.26246340e-17\n",
      "  -2.16840434e-18]\n",
      " [-4.25420281e-18 -1.51994819e-17  3.81639165e-17 -8.92143502e-18\n",
      "   2.70740771e-17 -2.54426110e-17 -1.43940746e-17  2.07340758e-17\n",
      "   9.52380952e-02 -2.31296463e-18 -1.61907524e-17  5.12156455e-18\n",
      "  -1.80080818e-17 -3.30423519e-17 -4.22942105e-17  7.48409271e-17\n",
      "  -1.41462569e-18]\n",
      " [-1.51994819e-17  0.00000000e+00 -2.97381167e-17 -1.58603289e-17\n",
      "  -1.09039761e-17  3.70074342e-17 -1.48690584e-18 -1.32169408e-18\n",
      "  -2.31296463e-18  9.52380952e-02  4.22942105e-17  7.93016446e-18\n",
      "   5.28677631e-18  1.05735526e-17  2.11471052e-17 -3.56857401e-17\n",
      "   6.60847038e-19]\n",
      " [-9.08664678e-18  2.64338815e-18 -1.15648232e-17 -4.62592927e-18\n",
      "   7.02149978e-18  2.84164227e-17  1.40429996e-18 -1.65211760e-17\n",
      "  -1.61907524e-17  4.22942105e-17  9.52380952e-02 -2.97381167e-17\n",
      "  -2.90772697e-17 -3.70074342e-17  5.28677631e-18  1.51994819e-17\n",
      "   2.06514700e-18]\n",
      " [ 4.46071751e-18 -1.32169408e-18  2.94076932e-17  5.94762335e-18\n",
      "  -7.68234682e-18  1.58603289e-17 -3.67596165e-17  2.16427405e-17\n",
      "   5.12156455e-18  7.93016446e-18 -2.97381167e-17  9.52380952e-02\n",
